Area,Price
1360,3648868
4272,11338562
3592,9774323
966,2590145
4926,14011107
3944,10434581
3671,9755331
3419,9373742
630,1925893
2185,6494604
1269,3845561
2891,8042459
2933,8023639
1684,4788913
3885,10378344
4617,12436089
3404,8856490
974,2582973
1582,4528929
3058,8236784
2547,6710547
3247,8711577
1475,4179248
2306,6186847
689,2080127
3234,8438452
3505,9283297
2399,6376219
1767,4462253
2028,6233140
3702,9760807
4056,11223169
4390,11733294
1146,2977972
3388,9259056
2935,7591166
1100,2816044
2863,7724009
2561,6730503
741,1802978
2541,7159476
3324,9261490
3112,8325141
1863,5028923
1978,5670945
3056,7927166
1275,3540600
4514,12729575
534,1938752
3652,9414363
2455,6464020
2085,5693896
4443,11713005
3573,9518136
1521,4088595
3961,11087266
3113,8426942
4343,11826643
2000,5549431
661,1927620
4797,13010074
2481,6425882
1495,4249859
3842,10522239
4298,11376241
1775,4640851
1516,4331242
837,2420195
1378,3555218
1576,4204521
4493,12143142
879,2536923
992,3001212
2562,6961130
4384,12175848
564,1747143
3068,8367726
2527,6488974
3195,8403640
1995,5593082
891,1987568
4974,13512581
4061,11258123
2778,7568326
3599,9605326
700,1685810
3604,9973267
2954,8125224
4145,11164325
1304,3801027
3231,8971651
3273,9319148
2070,5752795
3190,8605889
4340,11728529
1528,3658250
1002,2753748
4993,13530411
1370,3381089
4988,13514464
